1638451224858 104.79247330129147 0
1638451229676 19.887014538049698 1
1638451234966 22.475003235042095 2
1638451239319 18.974515933543444 3
1638451244317 16.636550650000572 4
1638451249397 16.661038644611835 5
1638451254507 15.010864168405533 6
1638451258942 14.42052486911416 7
1638451263268 14.623365923762321 8
1638451268145 14.505302377045155 9
1638451272831 12.97356228902936 10
1638451277487 12.589366786181927 11
1638451282181 12.812338614836335 12
1638451286659 11.743920965120196 13
1638451291406 12.203003849834204 14
1638451296437 12.82033496722579 15
1638451301113 12.317178316414356 16
1638451305843 13.178306315094233 17
1638451311041 13.56266097119078 18
1638451316206 12.660991549491882 19
1638451321203 11.15790460538119 20
1638451326402 13.418206219561398 21
1638451331360 12.080414013005793 22
1638451335905 8.811372142285109 23
1638451340908 10.060314263857435 24
1638451345467 13.324814660474658 25
1638451350316 11.778548046946526 26
1638451355219 10.908348646014929 27
1638451360337 11.749429628252983 28
1638451365320 10.831548856571317 29
1638451370070 10.351412391290069 30
1638451374748 9.675568867474794 31
1638451379762 11.280745623633265 32
1638451384227 10.645010087406263 33
1638451389333 9.9529151879251 34
1638451393833 10.981422487646341 35
1638451398735 9.644718257710338 36
1638451403617 8.867620952427387 37
1638451408526 10.242371940054 38
1638451413476 7.705310255289078 39
1638451418247 9.456670126412064 40
1638451422865 9.93462924612686 41
1638451427643 6.348394451662898 42
1638451432377 10.727557953447104 43
1638451437214 7.712843548506498 44
1638451442216 6.950568702537566 45
1638451447279 8.270801974460483 46
1638451451973 8.742144753225148 47
1638451456323 10.253292666748166 48
1638451460959 6.369734816253185 49
