1638442651833 104.79247330129147 0
1638442656606 19.887014538049698 1
1638442661818 22.475003235042095 2
1638442666139 18.974515933543444 3
1638442671109 16.636550650000572 4
1638442676191 16.661038644611835 5
1638442681236 15.010864168405533 6
1638442685602 14.42052486911416 7
1638442689936 14.623365923762321 8
1638442694736 14.505302377045155 9
1638442699407 12.97356228902936 10
1638442704010 12.589366786181927 11
1638442708612 12.812338614836335 12
1638442713061 11.743920965120196 13
1638442717745 12.203003849834204 14
1638442722730 12.82033496722579 15
1638442727322 12.317178316414356 16
1638442732027 13.178306315094233 17
1638442736925 13.56266097119078 18
1638442741744 12.660991549491882 19
1638442746405 11.15790460538119 20
1638442751244 13.418206219561398 21
1638442755962 12.080414013005793 22
1638442760398 8.811372142285109 23
1638442765247 10.060314263857435 24
1638442769757 13.324814660474658 25
1638442774576 11.778548046946526 26
1638442779365 10.908348646014929 27
1638442784409 11.749429628252983 28
1638442789298 10.831548856571317 29
1638442793956 10.351412391290069 30
1638442798598 9.675568867474794 31
1638442803604 11.280745623633265 32
1638442807984 10.645010087406263 33
1638442813002 9.9529151879251 34
1638442817369 10.981422487646341 35
1638442822178 9.644718257710338 36
1638442827000 8.867620952427387 37
1638442831851 10.242371940054 38
1638442836728 7.705310255289078 39
1638442841472 9.456670126412064 40
1638442846080 9.93462924612686 41
1638442850828 6.348394451662898 42
1638442855489 10.727557953447104 43
1638442860275 7.712843548506498 44
1638442865241 6.950568702537566 45
1638442870175 8.270801974460483 46
1638442874823 8.742144753225148 47
1638442879162 10.253292666748166 48
1638442883762 6.369734816253185 49
